33458,1
39126,2
24634,3
28590,4
16148,5
22260,6
13046,7
17432,8
11768,9
13944,10
9448,11
13280,12
8266,13
10388,14
7910,15
9458,16
6648,17
8896,18
6176,19
7766,20
5858,21
6784,22
5148,23
6838,24
4774,25
5620,26
4706,27
5344,28
4052,29
5268,30
4038,31
4888,32
3974,33
4354,34
3320,35
4312,36
3202,37
3698,38
3404,39
3820,40
2954,41
3542,42
2910,43
3358,44
2766,45
3126,46
2480,47
3052,48
2554,49
2980,50
2424,51
2688,52
2246,53
2612,54
2154,55
2690,56
2104,57
2172,58
2066,59
2540,60
1842,61
2302,62
1892,63
2192,64
1846,65
2106,66
1688,67
2126,68
1684,69
1968,70
1680,71
1948,72
1374,73
1836,74
1568,75
1688,76
1484,77
1736,78
1430,79
1670,80
1370,81
1572,82
1410,83
1644,84
1296,85
1522,86
1092,87
1476,88
1230,89
1388,90
1176,91
1390,92
1122,93
1132,94
1038,95
1342,96
1084,97
1260,98
1136,99
1150,100
1048,101
1128,102
978,103
1216,104
1050,105
1092,106
1008,107
1070,108
1014,109
1030,110
872,111
1012,112
898,113
1066,114
912,115
954,116
890,117
964,118
872,119
912,120
856,121
930,122
730,123
864,124
800,125
878,126
772,127
824,128
762,129
798,130
644,131
804,132
788,133
858,134
784,135
700,136
582,137
750,138
774,139
756,140
724,141
726,142
760,143
708,144
660,145
704,146
656,147
708,148
696,149
684,150
694,151
604,152
550,153
662,154
630,155
706,156
604,157
684,158
524,159
710,160
582,161
578,162
606,163
654,164
598,165
566,166
584,167
560,168
478,169
522,170
522,171
518,172
490,173
560,174
436,175
590,176
492,177
484,178
412,179
616,180
476,181
514,182
482,183
520,184
488,185
542,186
494,187
470,188
444,189
500,190
476,191
542,192
420,193
420,194
392,195
540,196
380,197
480,198
468,199
396,200
390,201
428,202
432,203
396,204
418,205
420,206
372,207
410,208
412,209
444,210
374,211
354,212
460,213
412,214
344,215
362,216
410,217
376,218
324,219
372,220
372,221
380,222
326,223
380,224
410,225
302,226
328,227
340,228
346,229
392,230
378,231
368,232
324,233
320,234
298,235
316,236
346,237
282,238
306,239
352,240
346,241
302,242
422,243
310,244
358,245
328,246
322,247
302,248
266,249
300,250
372,251
276,252
214,253
296,254
308,255
366,256
302,257
300,258
280,259
282,260
250,261
246,262
246,263
280,264
266,265
258,266
274,267
246,268
276,269
282,270
286,271
298,272
260,273
244,274
216,275
268,276
286,277
260,278
256,279
326,280
226,281
236,282
258,283
226,284
258,285
300,286
220,287
290,288
240,289
270,290
224,291
240,292
232,293
204,294
210,295
276,296
194,297
228,298
248,299
206,300
234,301
246,302
180,303
268,304
236,305
200,306
136,307
250,308
204,309
222,310
226,311
198,312
174,313
180,314
206,315
210,316
202,317
242,318
182,319
216,320
196,321
242,322
172,323
162,324
226,325
200,326
182,327
208,328
188,329
168,330
230,331
170,332
178,333
236,334
192,335
204,336
224,337
198,338
160,339
182,340
120,341
202,342
140,343
184,344
170,345
184,346
154,347
166,348
176,349
164,350
198,351
212,352
212,353
130,354
164,355
134,356
152,357
164,358
162,359
170,360
172,361
176,362
214,363
148,364
168,365
144,366
144,367
170,368
152,369
130,370
118,371
150,372
132,373
158,374
150,375
120,376
124,377
188,378
140,379
132,380
188,381
130,382
138,383
152,384
144,385
136,386
148,387
176,388
104,389
126,390
108,391
156,392
158,393
160,394
184,395
144,396
152,397
134,398
112,399
130,400
112,401
82,402
118,403
182,404
130,405
164,406
124,407
136,408
80,409
114,410
110,411
110,412
104,413
120,414
132,415
110,416
126,417
98,418
114,419
142,420
128,421
138,422
106,423
106,424
104,425
168,426
118,427
110,428
128,429
90,430
98,431
132,432
88,433
78,434
82,435
122,436
76,437
98,438
84,439
104,440
128,441
70,442
126,443
82,444
58,445
100,446
116,447
84,448
98,449
120,450
102,451
126,452
90,453
124,454
114,455
98,456
90,457
102,458
78,459
90,460
114,461
104,462
86,463
126,464
100,465
136,466
84,467
88,468
90,469
82,470
94,471
100,472
80,473
76,474
100,475
84,476
90,477
86,478
80,479
100,480
74,481
80,482
82,483
90,484
78,485
62,486
100,487
104,488
82,489
96,490
66,491
90,492
92,493
98,494
86,495
80,496
78,497
76,498
78,499
100,500
120,501
80,502
100,503
70,504
66,505
104,506
78,507
94,508
74,509
92,510
48,511
96,512
64,513
58,514
78,515
80,516
66,517
84,518
62,519
68,520
64,521
58,522
56,523
64,524
54,525
78,526
70,527
66,528
76,529
76,530
92,531
84,532
56,533
64,534
66,535
38,536
74,537
96,538
70,539
68,540
62,541
60,542
78,543
70,544
68,545
68,546
46,547
90,548
62,549
70,550
38,551
72,552
46,553
60,554
78,555
50,556
70,557
68,558
58,559
46,560
70,561
60,562
52,563
48,564
50,565
58,566
40,567
78,568
66,569
48,570
60,571
58,572
86,573
58,574
60,575
68,576
70,577
52,578
62,579
66,580
64,581
36,582
44,583
50,584
54,585
64,586
46,587
68,588
56,589
54,590
52,591
96,592
50,593
68,594
68,595
46,596
68,597
42,598
46,599
56,600
58,601
42,602
70,603
54,604
54,605
30,606
28,607
58,608
44,609
44,610
60,611
94,612
58,613
64,614
56,615
44,616
72,617
36,618
48,619
56,620
56,621
36,622
40,623
28,624
52,625
66,626
52,627
36,628
30,629
36,630
32,631
34,632
50,633
42,634
50,635
42,636
42,637
52,638
44,639
48,640
62,641
48,642
18,643
48,644
52,645
50,646
56,647
38,648
48,649
38,650
66,651
66,652
48,653
46,654
44,655
36,656
48,657
38,658
30,659
44,660
42,661
36,662
30,663
38,664
48,665
36,666
28,667
42,668
52,669
50,670
38,671
40,672
32,673
38,674
46,675
52,676
40,677
16,678
40,679
40,680
34,681
36,682
28,683
34,684
50,685
54,686
34,687
38,688
34,689
48,690
22,691
32,692
36,693
28,694
58,695
26,696
24,697
38,698
30,699
46,700
30,701
42,702
38,703
16,704
66,705
44,706
32,707
32,708
28,709
16,710
38,711
24,712
52,713
34,714
22,715
32,716
34,717
48,718
30,719
50,720
34,721
26,722
34,723
36,724
26,725
18,726
34,727
22,728
16,729
48,730
40,731
28,732
34,733
42,734
24,735
22,736
22,737
50,738
32,739
30,740
34,741
24,742
48,743
42,744
24,745
34,746
26,747
40,748
34,749
34,750
28,751
34,752
26,753
20,754
42,755
30,756
36,757
26,758
16,759
30,760
34,761
38,762
30,763
16,764
34,765
32,766
18,767
34,768
12,769
26,770
30,771
22,772
12,773
16,774
38,775
36,776
24,777
26,778
14,779
18,780
36,781
20,782
32,783
36,784
16,785
26,786
28,787
8,788
30,789
18,790
10,791
24,792
38,793
24,794
26,795
12,796
26,797
28,798
24,799
48,800
20,801
24,802
18,803
16,804
24,805
34,806
20,807
34,808
38,809
40,810
16,811
8,812
28,813
44,814
30,815
20,816
26,817
14,818
36,819
16,820
16,821
22,822
24,823
14,824
28,825
30,826
36,827
20,828
14,829
46,830
16,831
18,832
8,833
20,834
40,835
14,836
14,837
22,838
14,839
16,840
22,841
24,842
24,843
12,844
10,845
18,846
42,847
32,848
20,849
24,850
10,851
26,852
50,853
16,854
16,855
8,856
16,857
22,858
26,859
16,860
14,861
6,862
20,863
24,864
12,865
22,866
20,867
8,868
10,869
18,870
16,871
16,872
18,873
22,874
16,875
10,876
28,877
32,878
24,879
14,880
20,881
24,882
6,883
10,884
16,885
20,886
8,887
32,888
8,889
18,890
10,891
22,892
12,893
18,894
30,895
18,896
18,897
22,898
16,899
18,900
34,901
20,902
26,903
22,904
18,905
14,906
12,907
18,908
12,909
22,910
12,911
40,912
10,913
30,914
28,915
20,916
14,917
14,918
26,919
34,920
10,921
38,922
10,923
24,924
22,925
22,926
8,927
12,928
10,929
4,930
8,931
14,932
10,933
18,934
24,935
24,936
4,937
6,938
14,939
12,940
10,941
12,942
14,943
18,944
10,945
10,946
18,947
14,948
22,949
12,950
4,951
18,952
12,953
24,954
22,955
12,956
10,957
10,958
10,959
8,960
10,961
10,962
10,963
14,964
22,965
16,966
16,967
4,968
10,969
14,970
14,971
10,972
2,973
10,974
8,975
14,976
14,977
10,978
12,979
22,980
4,981
18,982
12,983
22,984
12,985
24,986
12,987
12,988
8,989
10,990
12,991
20,992
16,993
10,994
12,995
16,996
28,997
8,998
10,999
12,1000
10,1001
6,1002
18,1003
4,1004
2,1005
14,1006
18,1007
4,1008
18,1009
4,1010
14,1011
20,1012
16,1013
4,1014
8,1015
8,1016
12,1017
8,1018
4,1019
8,1020
8,1021
26,1022
4,1023
12,1024
12,1025
12,1026
12,1027
26,1028
14,1029
20,1030
12,1031
6,1032
6,1033
14,1034
6,1036
4,1037
10,1038
8,1039
18,1040
10,1041
6,1042
18,1043
16,1044
4,1045
6,1046
6,1047
16,1048
6,1049
6,1050
30,1051
6,1052
12,1053
12,1054
10,1055
32,1056
14,1057
4,1058
14,1059
14,1060
2,1061
16,1062
8,1063
14,1064
14,1065
10,1066
16,1067
18,1068
12,1069
10,1070
24,1071
2,1072
10,1073
12,1074
8,1075
6,1076
4,1077
14,1078
34,1079
12,1080
4,1081
4,1082
14,1083
12,1084
6,1085
12,1086
12,1087
14,1088
10,1089
2,1090
6,1091
12,1092
10,1093
6,1094
8,1095
2,1096
14,1097
2,1098
8,1099
12,1100
12,1101
8,1102
8,1103
10,1104
10,1105
14,1106
14,1107
22,1108
6,1109
18,1110
6,1111
14,1112
8,1113
10,1114
8,1115
12,1116
12,1117
16,1118
4,1119
20,1120
10,1121
8,1122
14,1124
8,1125
4,1126
6,1127
16,1128
8,1129
8,1130
4,1131
20,1132
4,1133
6,1134
6,1135
22,1136
4,1137
6,1138
2,1139
16,1140
14,1141
2,1142
2,1143
6,1144
16,1145
10,1146
6,1147
10,1148
4,1150
10,1151
16,1152
14,1156
4,1157
8,1158
6,1159
18,1160
4,1161
16,1162
10,1163
6,1164
4,1165
8,1166
6,1167
4,1168
8,1169
6,1170
4,1171
8,1172
8,1173
4,1174
4,1175
12,1176
6,1177
10,1178
10,1179
4,1180
2,1181
8,1182
12,1183
8,1184
4,1185
8,1186
6,1188
6,1189
12,1190
6,1191
6,1192
6,1193
8,1194
12,1195
4,1196
6,1197
4,1198
12,1200
14,1201
2,1202
4,1203
10,1204
8,1205
6,1207
20,1208
6,1209
8,1210
10,1211
4,1212
4,1214
8,1215
4,1216
6,1217
4,1218
4,1219
4,1220
4,1221
2,1222
10,1224
2,1225
16,1227
4,1228
2,1229
10,1230
10,1231
2,1232
2,1233
2,1235
4,1236
10,1237
8,1238
6,1239
12,1240
2,1241
2,1242
2,1244
4,1246
4,1247
4,1248
8,1249
12,1250
4,1251
6,1252
4,1253
2,1254
10,1255
4,1256
4,1257
14,1258
18,1259
10,1260
4,1261
12,1263
10,1265
6,1266
2,1267
4,1268
2,1269
4,1270
18,1272
6,1273
6,1274
8,1275
8,1276
2,1277
10,1278
8,1279
4,1280
2,1281
2,1282
4,1283
4,1284
4,1285
12,1288
2,1289
6,1290
2,1292
6,1293
14,1294
4,1295
2,1296
12,1297
2,1298
2,1299
10,1300
8,1301
6,1302
6,1304
10,1305
4,1306
4,1307
14,1309
6,1311
2,1312
2,1313
2,1315
4,1316
10,1318
4,1319
8,1320
4,1322
8,1323
8,1324
16,1325
12,1326
4,1327
16,1328
2,1329
4,1330
16,1331
2,1332
8,1333
2,1334
10,1335
2,1337
6,1338
2,1339
4,1340
14,1341
4,1342
2,1343
6,1344
12,1345
8,1346
8,1349
6,1350
6,1351
6,1352
6,1353
8,1355
2,1356
6,1357
2,1358
2,1359
2,1360
4,1361
14,1362
8,1363
4,1364
8,1365
6,1366
8,1367
6,1369
10,1370
4,1371
8,1372
2,1373
8,1374
4,1375
14,1376
4,1378
2,1379
6,1381
6,1382
10,1383
2,1384
12,1385
2,1386
10,1387
4,1388
4,1390
10,1392
10,1394
6,1395
4,1396
2,1398
4,1399
4,1400
6,1401
6,1402
6,1403
8,1404
12,1407
8,1408
4,1409
2,1410
4,1411
2,1412
4,1414
4,1415
4,1417
2,1419
10,1420
2,1421
2,1422
10,1423
6,1425
4,1426
2,1427
4,1429
4,1430
6,1431
2,1433
4,1434
4,1435
2,1436
6,1437
2,1438
2,1439
6,1440
2,1441
6,1442
4,1443
4,1444
14,1445
2,1446
4,1447
10,1449
10,1451
4,1452
4,1454
6,1456
8,1458
4,1460
4,1461
10,1462
4,1463
6,1464
2,1465
8,1466
8,1467
2,1468
12,1469
6,1470
4,1472
4,1473
8,1477
2,1479
2,1480
2,1482
8,1484
8,1486
4,1487
4,1488
14,1489
4,1490
2,1491
2,1493
4,1494
4,1495
4,1496
2,1497
2,1498
6,1499
4,1501
2,1502
2,1504
4,1505
8,1506
2,1508
8,1509
8,1511
2,1513
2,1514
6,1516
8,1517
2,1518
4,1519
2,1521
4,1523
4,1526
2,1527
4,1528
10,1529
2,1530
2,1531
2,1534
2,1536
10,1537
6,1538
4,1539
2,1541
4,1543
2,1544
2,1546
8,1547
6,1548
4,1549
2,1552
4,1553
2,1554
2,1557
8,1558
14,1559
2,1560
2,1561
2,1563
2,1565
8,1569
2,1570
4,1571
8,1573
6,1575
12,1578
8,1579
2,1581
10,1582
14,1583
4,1584
2,1586
2,1587
6,1588
6,1591
2,1593
4,1596
2,1597
2,1598
4,1600
2,1601
4,1606
2,1607
2,1611
2,1613
2,1616
6,1618
4,1624
2,1631
2,1632
6,1634
4,1638
4,1639
6,1642
2,1643
8,1648
4,1649
2,1653
2,1654
4,1655
2,1656
12,1659
4,1661
4,1662
2,1663
8,1666
8,1668
4,1669
2,1670
4,1671
4,1674
2,1677
2,1679
4,1680
4,1681
2,1682
10,1683
2,1686
2,1687
2,1688
4,1690
2,1695
2,1697
4,1702
2,1705
4,1706
4,1710
2,1711
2,1717
12,1719
4,1722
4,1724
4,1727
4,1729
2,1730
6,1731
2,1732
2,1735
2,1738
6,1739
4,1743
2,1745
2,1746
2,1747
8,1748
2,1751
4,1753
14,1754
12,1757
4,1759
4,1760
10,1761
4,1763
8,1766
2,1770
2,1772
4,1776
4,1777
4,1778
2,1782
2,1784
4,1785
2,1786
6,1790
6,1794
2,1795
4,1796
4,1797
2,1798
2,1801
4,1808
4,1810
2,1813
10,1819
2,1820
12,1824
2,1825
2,1828
4,1835
4,1837
2,1838
2,1839
2,1844
4,1846
2,1848
2,1854
2,1855
2,1856
2,1863
2,1867
8,1868
4,1870
2,1871
2,1875
4,1876
2,1878
4,1879
2,1881
8,1883
10,1897
2,1900
6,1902
6,1904
2,1905
4,1906
8,1907
4,1910
2,1911
6,1912
2,1915
2,1916
2,1918
2,1921
6,1923
2,1925
2,1926
2,1927
2,1929
2,1932
2,1933
2,1934
2,1936
2,1948
10,1951
4,1952
2,1954
2,1960
4,1962
2,1963
4,1968
2,1969
4,1970
2,1973
2,1976
2,1977
4,1979
4,1983
2,1984
10,1985
4,1986
6,1987
6,1989
12,1992
6,1994
2,1996
2,1998
2,2002
4,2004
2,2008
2,2010
2,2012
6,2018
2,2023
2,2031
4,2032
2,2034
4,2037
2,2038
2,2048
2,2049
4,2050
2,2055
4,2056
2,2057
4,2058
6,2064
2,2066
2,2072
4,2077
2,2080
2,2093
2,2100
2,2104
2,2117
2,2127
4,2129
2,2130
4,2140
2,2141
2,2148
2,2151
4,2152
2,2154
4,2155
8,2157
2,2164
4,2166
2,2168
4,2172
4,2182
2,2196
4,2200
2,2205
2,2206
2,2207
4,2210
2,2212
4,2213
2,2218
4,2227
2,2236
2,2246
4,2249
2,2257
2,2282
4,2294
2,2296
2,2298
2,2306
4,2312
2,2313
2,2316
2,2317
4,2326
6,2333
2,2346
4,2350
2,2356
8,2357
2,2366
2,2368
2,2377
2,2385
4,2411
2,2432
4,2438
2,2454
2,2461
2,2467
2,2470
2,2484
2,2489
2,2492
4,2499
4,2502
4,2536
2,2542
8,2544
2,2562
2,2563
2,2589
4,2596
2,2601
4,2613
4,2626
2,2635
2,2659
2,2660
6,2683
8,2687
2,2690
2,2745
2,2763
2,2782
2,2792
12,2813
2,2817
4,2819
8,2824
2,2842
2,2851
4,2859
2,2869
2,2870
2,2876
2,2910
2,2914
2,2928
2,2946
2,2975
6,3014
2,3024
2,3117
4,3120
4,3279
2,3311
4,3368
2,3444
2,3559
4,3587
2,3737
2,3866
2,4199
2,5020
